0
0
0
0
0
1
1
1
32
32
31
1
1
1
0
0
7
1
1
1
1
20
38
38
0
1
1
0
2
2
49
61
61
0
0
0
2
0
0
0
0
0
0
0
2
2
2
61
0
0
2
9
9
16
0
0
2
4
4
54
0
0
1
1
0
0
0
25
41
41
47
0
0
2
0
0
0
0
0
0
0
0
2
34
34
29
1
1
1
11
11
11
1
1
2
0
0
58
0
0
1
0
0
0
9
9
43
59
0
0
0
0
2
0
0
0
0
0
0
2
0
0
62
62
1
2
2
0
20
20
4
1
1
1
38
38
19
0
0
1
0
0
2
50
50
51
10
10
0
2
2
0
0
0
0
0
0
2
2
0
47
47
15
1
1
1
15
15
11
0
0
2
1
1
56
0
0
1
0
0
0
29
29
34
50
0
0
0
2
2
0
0
0
0
0
0
2
0
0
62
1
1
2
0
0
17
6
6
1
1
1
41
17
17
0
0
0
2
50
50
61
0
0
0
2
2
0
0
0
0
0
0
2
0
0
61
1
1
2
0
0
25
10
10
1
1
1
12
45
45
0
1
1
0
0
0
45
42
42
25
25
0
2
0
0
0
0
0
0
0
0
2
2
28
35
35
1
1
1
13
12
12
0
2
2
1
57
57
0
1
1
0
0
0
26
44
44
43
0
0
2
2
0
0
0
0
0
0
0
2
2
38
24
24
1
1
1
10
11
11
0
0
2
1
1
56
0
0
1
0
0
2
50
50
50
12
12
0
2
2
0
0
0
0
0
0
2
2
0
56
56
6
1
1
1
26
26
11
11
0
2
2
9
49
49
0
1
1
0
0
0
50
50
41
22
22
0
2
2
0
0
0
0
0
0
2
0
0
53
9
9
1
1
1
13
9
9
1
1
1
23
23
34
0
0
1
0
0
2
50
50
61
61
0
0
0
2
0
0
0
0
0
0
2
2
0
62
62
1
2
2
6
6
31
1
2
2
0
0
58
0
0
1
0
0
0
12
12
41
59
59
0
1
1
1
1
0
0
0
0
2
2
28
34
34
1
1
1
14
11
11
0
0
2
15
15
43
0
0
1
0
0
2
50
50
52
9
9
0
0
2
0
0
0
0
0
0
2
2
0
61
61
1
2
2
0
15
15
9
9
1
1
24
24
33
33
0
1
1
0
2
2
50
61
61
1
0
0
2
0
0
0
0
0
0
2
2
0
55
55
7
1
1
1
19
19
7
1
1
1
1
39
20
20
1
1
1
0
2
2
50
61
61
1
0
0
2
0
0
0
0
0
0
0
2
0
0
62
1
1
2
1
1
18
4
4
1
1
1
56
1
1
1
1
0
0
0
11
43
61
61
0
0
0
2
0
0
0
0
0
0
0
2
11
11
51
0
0
2
5
5
19
2
2
2
0
57
57
0
1
1
0
0
0
15
44
44
54
0
0
2
0
0
0
0
0
0
0
0
2
2
36
27
27
1
1
1
14
9
9
1
1
1
38
20
20
1
0
0
0
2
2
50
61
61
0
0
0
2
2
0
0
0
0
0
0
2
0
0
62
1
1
2
0
0
24
24
1
2
2
1
0
0
1
0
0
0
34
34
43
37
37
0
2
2
0
0
0
0
0
0
2
0
0
52
52
10
1
1
1
17
17
10
1
1
1
11
11
48
0
0
1
0
0
2
50
50
60
60
1
0
0
2
0
0
0
0
0
0
2
2
0
62
62
1
1
2
1
1
22
0
0
2
1
1
56
0
0
1
0
0
0
33
33
44
36
36
0
0
2
0
0
0
0
0
0
2
2
0
47
47
15
1
1
1
15
15
9
1
1
1
1
26
32
32
0
1
1
0
2
2
50
61
61
0
0
0
2
2
0
0
0
0
0
0
2
0
0
62
1
1
2
0
0
28
28
7
1
1
1
33
33
24
1
1
0
0
2
2
50
50
62
0
0
0
2
2
0
0
0
0
0
0
2
18
18
45
45
0
2
18
18
9
9
0
1
1
19
38
38
0
1
1
0
2
2
50
61
61
0
0
0
2
0
0
0
0
0
0
2
2
0
0
61
1
1
2
0
0
30
7
7
1
1
1
34
24
24
0
0
1
0
2
2
51
51
60
1
1
0
2
2
0
0
0
0
0
0
2
0
0
62
1
1
2
0
0
22
22
1
1
1
56
0
0
1
0
0
0
31
31
42
40
40
0
2
2
0
0
0
0
0
0
1
1
1
16
47
47
0
2
2
18
13
13
1
1
2
0
0
55
3
3
1
0
0
0
7
7
46
61
61
0
0
0
2
0
0
0
0
0
0
2
2
12
50
50
0
0
2
10
10
12
1
1
2
0
0
58
0
0
1
0
0
0
34
34
41
38
38
0
2
2
0
0
0
0
0
0
0
2
2
25
37
37
1
1
1
24
12
12
1
1
2
0
0
58
0
0
1
0
0
0
37
37
43
33
33
0
2
2
0
0
0
0
0
0
0
0
2
33
33
30
1
1
1
15
15
12
0
0
2
1
1
56
0
0
1
0
0
0
0
39
40
40
35
0
0
2
0
0
0
0
0
0
2
2
0
47
47
15
1
1
1
26
26
11
11
0
2
2
1
57
57
0
1
1
0
0
0
43
32
32
39
0
0
2
0
0
0
0
0
0
0
0
2
0
0
62
62
0
2
2
1
19
19
4
1
1
1
47
47
11
11
1
0
0
0
2
2
51
61
61
0
0
0
2
0
0
0
0
0
2
2
2
60
1
1
2
2
2
17
17
4
1
1
0
46
46
11
1
1
0
0
0
2
51
51
61
0
0
0
2
2
0
0
0
0
0
0
2
0
0
62
1
1
2
0
0
23
7
7
1
1
1
30
28
28
0
1
1
0
0
2
51
51
47
14
14
0
2
2
0
0
0
0
0
0
2
0
0
62
1
1
2
0
0
21
7
7
1
1
1
23
35
35
0
1
1
0
2
2
51
57
57
5
0
0
2
0
0
0
0
0
0
2
2
0
48
48
14
1
1
1
1
12
11
11
0
2
2
1
56
56
0
1
1
0
0
0
39
43
43
31
0
0
2
0
0
0
0
0
0
0
0
2
2
36
26
26
1
1
1
19
11
11
0
2
2
1
57
57
0
1
1
0
0
0
16
16
41
57
0
0
1
1
1
0
0
0
0
0
0
2
2
16
47
47
0
2
2
10
12
12
0
2
2
1
57
57
0
1
1
0
0
0
29
29
45
40
40
0
2
2
0
0
0
0
0
0
0
2
2
30
30
33
1
1
1
13
13
12
2
2
0
57
57
0
1
1
0
0
0
12
43
43
58
0
0
1
1
1
0
0
0
0
0
0
2
2
20
43
43
0
2
2
16
12
12
0
2
2
1
57
57
0
1
1
0
0
0
28
44
44
42
42
0
2
2
0
0
0
0
0
0
0
2
2
17
46
46
0
2
2
10
12
12
0
0
2
0
58
58
0
0
1
0
0
0
28
28
36
50
50
0
2
2
0
0
0
0
0
0
0
0
2
29
34
34
0
1
1
14
12
12
0
0
2
0
0
58
0
0
1
0
0
0
6
6
47
62
62
0
0
0
2
0
0
0
0
0
0
2
2
5
58
58
0
2
2
9
13
13
1
1
2
0
0
57
0
0
1
0
0
0
2
2
50
62
62
0
0
0
2
2
0
0
0
0
0
0
2
0
0
62
1
1
2
0
0
23
7
7
1
1
1
16
41
41
0
1
1
0
0
1
51
51
46
16
16
0
2
2
0
0
0
0
0
0
0
2
2
41
22
22
1
1
1
22
22
11
0
0
2
1
1
56
0
0
1
0
0
0
31
31
44
39
39
0
0
2
0
0
0
0
0
0
2
2
6
56
56
0
2
2
20
13
13
1
2
2
0
47
47
11
1
1
0
0
0
2
2
51
60
60
1
0
0
2
0
0
0
0
0
0
2
2
0
62
62
1
1
2
0
30
30
9
9
1
1
1
9
49
49
0
1
1
0
0
0
52
42
42
21
0
0
2
0
0
0
0
0
0
0
0
2
2
36
27
27
1
1
1
28
12
12
0
2
2
0
58
58
0
1
1
0
0
0
15
43
43
55
55
0
2
2
0
0
0
0
0
0
0
2
2
11
52
0
0
2
2
2
18
4
4
1
1
1
37
21
21
0
1
1
0
2
2
51
60
60
1
1
0
2
2
0
0
0
0
0
0
2
0
0
61
2
2
2
0
0
15
9
9
1
1
1
15
43
43
0
0
1
0
0
0
53
53
44
17
17
0
2
2
0
0
0
0
0
0
2
0
0
37
26
26
1
1
1
13
13
11
0
0
2
1
1
58
0
0
1
0
0
0
14
14
44
57
57
0
2
2
0
0
0
0
0
0
0
2
2
7
56
56
0
1
1
18
18
7
1
1
1
10
47
47
0
1
1
0
0
0
34
42
42
39
0
0
2
0
0
0
0
0
0
0
0
2
2
16
46
46
0
2
2
12
13
13
1
2
2
0
58
58
0
0
1
0
0
0
5
5
48
61
61
0
0
0
2
0
0
0
0
0
0
2
2
0
61
61
1
2
2
0
24
24
9
1
1
1
16
16
42
0
0
1
0
0
0
0
0
0
0
0
0
0
0
0
0
0
0
0
0
0
0
0
0
0
0
0
0
0
0
0
0
0
0
0
0
0
0
0
0
0
0
0
0
0
0
0
42
