0
0
0
0
0
0
0
0
0
0
0
0
0
0
0
0
0
0
0
0
0
0
0
0
0
0
0
0
0
0
0
0
0
0
0
0
0
0
0
0
0
0
0
10
0
0
0
0
0
36
100
100
68
68
1
5
5
0
0
0
0
0
0
0
0
0
0
0
0
5
1
1
5
0
0
0
0
0
0
0
0
0
0
0
0
35
16
16
25
25
7
7
7
7
9
9
4
0
0
0
0
0
0
0
0
0
0
0
0
0
5
4
4
0
0
0
0
0
0
0
0
0
0
0
0
5
64
64
100
2
2
0
0
0
0
0
0
3
6
6
0
0
0
0
0
0
0
0
0
0
0
0
0
0
0
0
0
0
0
0
0
0
0
0
0
0
0
0
10
10
60
60
96
5
5
100
88
88
3
0
0
0
0
0
0
0
0
0
0
0
11
0
0
0
0
0
0
0
0
0
0
0
0
0
0
0
0
0
0
0
0
0
0
0
0
0
0
0
0
0
0
0
0
0
0
0
0
0
0
0
0
0
0
0
0
0
0
0
0
0
0
0
0
0
10
0
0
0
0
0
4
80
80
100
18
18
1
5
5
0
0
0
0
0
0
0
0
0
0
5
5
1
5
5
0
0
0
0
0
0
0
0
0
0
0
0
39
39
18
7
7
7
7
7
9
4
4
0
0
0
0
0
0
0
0
0
0
0
0
5
5
1
4
4
0
0
0
0
0
0
0
0
0
0
0
0
44
100
100
25
0
0
0
0
0
0
0
3
5
5
0
0
0
0
0
0
0
0
0
0
0
0
0
0
0
0
0
0
0
0
0
0
0
0
0
0
0
10
51
51
100
7
7
95
98
98
3
0
0
0
0
0
0
0
0
0
0
0
11
0
0
0
0
0
0
0
0
0
0
0
0
0
0
0
0
0
0
0
0
0
0
0
0
0
0
0
0
0
0
0
0
0
0
0
0
0
0
0
0
0
0
0
0
0
0
0
0
0
0
0
0
0
0
0
10
10
0
0
0
0
0
15
100
94
94
10
15
15
9
11
11
6
11
11
5
9
9
11
9
9
11
10
10
14
6
6
12
12
12
6
6
9
10
10
10
9
9
40
19
19
18
17
17
19
18
18
19
10
10
11
11
14
6
6
9
10
10
10
12
12
9
10
16
16
8
8
10
10
10
6
1
3
3
1
0
0
1
47
47
100
100
22
0
0
0
0
0
0
1
1
7
0
0
0
0
0
0
0
0
0
0
0
0
0
0
0
0
0
0
0
0
0
0
0
0
0
0
0
0
10
1
1
84
73
73
27
100
100
69
69
0
0
0
0
0
0
0
0
0
0
0
11
11
0
0
0
0
0
0
0
0
0
0
0
0
0
0
0
0
0
0
0
0
0
0
0
0
0
0
0
0
0
0
0
0
0
0
0
0
0
0
0
0
0
0
0
0
0
0
0
0
0
0
0
0
0
0
0
10
0
0
0
0
0
24
100
100
80
80
1
5
0
0
0
0
0
0
0
0
0
0
0
0
0
5
1
1
5
0
0
0
0
0
0
0
0
0
0
0
0
21
21
42
42
8
6
6
7
7
7
7
10
10
3
2
2
0
0
0
0
0
0
0
0
0
0
5
5
1
4
4
0
0
0
0
0
0
0
0
0
0
0
0
32
32
100
38
38
0
0
0
0
0
0
8
0
0
0
0
0
0
0
0
0
0
0
0
0
0
0
0
0
0
0
0
0
0
0
0
0
0
10
10
1
1
98
59
38
38
100
100
59
0
0
0
0
0
0
0
0
0
0
0
0
11
11
0
0
0
0
0
0
0
0
0
0
0
0
0
0
0
0
0
0
0
0
0
0
0
0
0
0
0
0
0
0
0
0
0
0
0
0
0
0
0
0
0
0
0
0
0
0
0
0
0
0
0
0
0
0
10
10
0
0
0
0
53
53
100
50
50
1
5
5
0
0
0
0
0
0
0
0
0
0
0
0
5
5
1
5
5
0
0
0
0
0
0
0
0
0
0
6
6
60
7
7
7
7
7
10
2
2
2
2
0
0
0
0
0
0
0
0
0
0
5
5
1
4
4
0
0
0
0
0
0
0
0
0
0
0
0
5
5
77
87
0
0
0
0
0
0
0
0
4
4
5
0
0
0
0
0
0
0
0
0
0
0
0
0
0
0
0
0
0
0
0
0
0
0
0
0
0
0
10
10
11
100
100
47
55
55
100
42
42
0
0
0
0
0
0
0
0
0
7
4
4
0
0
0
0
0
0
0
0
0
0
0
0
0
0
0
0
0
0
0
0
0
0
0
0
0
0
0
0
0
0
0
0
0
0
0
0
0
0
0
0
0
0
0
0
0
0
0
0
0
0
0
0
0
0
10
10
0
0
0
0
11
11
95
100
100
1
1
1
5
0
0
0
0
0
0
0
0
0
5
1
1
5
0
0
0
0
0
0
0
0
0
0
0
0
35
35
8
8
8
3
3
7
7
7
7
10
10
4
0
0
0
0
0
0
0
0
0
0
0
0
5
5
1
1
4
0
0
0
0
0
0
0
0
0
0
0
0
5
5
85
79
79
0
0
0
0
0
0
0
0
8
0
0
0
0
0
0
0
0
0
0
0
0
0
0
0
0
0
0
0
0
0
0
0
0
0
0
0
0
10
1
1
91
68
68
34
100
100
65
0
0
0
0
0
0
0
0
0
0
0
0
0
0
0
12
0
0
0
0
0
0
0
0
0
0
0
0
0
0
0
0
0
0
0
0
0
0
0
0
0
0
0
0
0
0
0
0
0
0
0
0
0
0
0
0
0
0
0
0
0
0
0
0
0
0
0
0
0
0
0
0
10
0
0
0
0
0
33
100
72
72
1
5
5
0
0
0
0
0
0
0
0
0
0
0
0
5
1
1
5
0
0
0
0
0
0
0
0
0
0
0
0
0
34
8
8
8
2
2
7
7
7
7
10
10
4
0
0
0
0
0
0
0
0
0
0
0
0
0
5
1
1
4
0
0
0
0
0
0
0
0
0
0
0
0
0
12
100
100
59
0
0
0
0
0
0
0
0
5
3
3
0
0
0
0
0
0
0
0
0
0
0
0
0
0
0
0
0
0
0
0
0
0
0
0
0
0
0
0
1
9
9
63
97
97
6
100
100
91
3
3
0
0
0
0
0
0
0
0
0
0
11
11
0
0
0
0
0
0
0
0
0
0
0
0
0
0
0
0
0
0
0
0
0
0
0
0
0
0
0
0
0
0
0
0
0
0
0
0
0
0
0
0
0
0
0
0
0
0
0
0
0
0
0
0
0
0
0
0
10
10
0
0
0
0
4
4
33
100
100
66
1
1
5
0
0
0
0
0
0
0
0
0
0
0
0
5
5
1
5
5
0
0
0
0
0
0
0
0
0
0
0
0
7
7
8
2
2
7
7
7
7
10
10
4
0
0
0
0
0
0
0
0
0
0
0
0
5
5
1
3
3
1
0
0
0
0
0
0
0
0
0
0
0
5
5
52
100
100
12
0
0
0
0
0
0
0
1
7
7
0
0
0
0
0
0
0
0
0
0
0
0
0
0
0
0
0
0
0
0
0
0
0
0
0
0
0
0
0
10
1
1
94
66
66
32
32
100
64
64
0
0
0
0
0
0
0
0
0
0
0
0
11
0
0
0
0
0
0
0
0
0
0
0
0
0
0
0
0
0
0
0
0
0
0
0
0
0
0
0
0
0
0
0
0
0
0
0
0
0
0
0
0
0
0
0
0
0
0
0
0
0
0
0
0
0
0
0
0
10
0
0
0
0
0
0
9
9
69
100
100
27
1
1
5
0
0
0
0
0
0
0
0
0
0
0
0
5
5
1
5
5
0
0
0
0
0
0
0
0
0
0
0
0
30
30
8
8
8
3
7
7
7
7
7
10
4
4
0
0
0
0
0
0
0
0
0
0
0
0
4
1
1
3
1
1
0
0
0
0
0
0
0
0
0
0
0
0
33
37
37
0
0
0
0
0
0
0
6
6
2
0
0
0
0
0
0
0
0
0
0
0
0
0
0
0
0
0
0
0
0
0
0
0
0
0
0
0
9
1
1
80
80
80
22
100
100
73
1
1
0
0
0
0
0
0
0
0
0
11
0
0
0
0
0
0
0
0
0
0
0
0
0
0
0
0
0
0
0
0
0
0
0
0
0
0
0
0
0
0
0
0
0
0
0
0
0
0
0
0
0
0
0
0
0
0
0
0
0
0
0
0
0
0
10
0
0
0
0
0
56
56
100
48
1
5
5
0
0
0
0
0
0
0
0
0
0
0
0
5
5
1
5
5
0
0
0
0
0
0
0
0
0
0
0
38
38
8
7
7
7
7
7
7
9
9
1
4
4
0
0
0
0
0
0
0
0
0
0
0
0
5
5
1
4
4
0
0
0
0
0
0
0
0
0
0
0
0
5
79
79
86
0
0
0
0
0
0
0
0
3
6
6
0
0
0
0
0
0
0
0
0
0
0
0
0
0
0
0
0
0
0
0
0
0
0
0
0
0
0
0
0
5
6
6
41
100
100
19
100
100
17
17
0
0
0
0
0
0
0
0
0
0
0
0
0
0
0
0
0
0
0
0
0
0
0
0
0
0
0
0
0
0
0
0
0
0
0
0
0
0
0
0
0
0
0
0
0
0
0
0
0
0
0
0
0
0
0
0
0
0
0
0
24
