0
0
0
0
0
0
0
0
0
0
0
6
6
28
83
83
28
100
100
8
0
0
0
0
0
0
6
6
0
0
0
0
0
0
0
0
0
0
0
0
0
0
0
0
0
0
0
0
0
0
0
0
0
0
0
0
0
0
0
0
6
0
0
0
0
12
100
100
29
3
3
0
0
0
0
0
0
3
3
3
0
0
0
0
0
0
30
30
13
10
10
7
2
2
1
0
0
0
0
0
0
0
3
2
2
1
0
0
0
0
0
0
33
90
90
0
0
0
0
2
2
3
0
0
0
0
0
0
0
0
0
0
0
0
0
0
0
7
7
100
16
16
100
100
31
0
0
0
0
0
0
0
0
6
0
0
0
0
0
0
0
0
0
0
0
0
0
0
0
0
0
0
0
0
0
0
0
0
0
0
0
0
0
0
6
0
0
0
7
7
100
100
35
3
3
0
0
0
0
0
0
3
3
3
0
0
0
0
0
0
25
25
5
2
2
7
10
10
0
0
0
0
0
0
3
3
2
0
0
0
0
0
0
50
50
74
0
0
0
0
0
5
5
0
0
0
0
0
0
0
0
0
0
0
0
0
0
0
6
44
44
68
52
52
84
1
1
0
0
0
0
0
0
6
6
0
0
0
0
0
0
0
0
0
0
0
0
0
0
0
0
0
0
0
0
0
0
0
0
0
0
0
0
0
0
0
6
0
0
0
61
61
80
1
1
3
0
0
0
0
0
2
2
2
3
3
0
0
0
0
0
0
44
8
8
9
12
12
2
0
0
0
0
0
0
0
3
3
3
0
0
0
0
0
0
7
100
100
17
0
0
0
0
0
5
0
0
0
0
0
0
0
0
0
0
0
0
0
0
0
0
6
21
21
90
27
27
100
10
10
0
0
0
0
0
0
6
0
0
0
0
0
0
0
0
0
0
0
0
0
0
0
0
0
0
0
0
0
0
0
0
0
0
0
0
0
0
0
6
6
0
0
0
8
100
100
33
3
3
0
0
0
0
0
0
3
3
3
0
0
0
0
0
0
28
28
15
7
7
10
10
10
0
0
0
0
0
0
3
3
3
0
0
0
0
3
3
92
28
28
0
0
0
0
5
5
0
0
0
0
0
0
0
0
0
0
0
0
0
0
0
6
6
77
35
35
83
52
52
0
0
0
0
0
0
0
6
6
0
0
0
0
0
0
0
0
0
0
0
0
0
0
0
0
0
0
0
0
0
0
0
0
0
0
0
0
0
0
6
6
0
0
0
50
92
92
1
1
3
0
0
0
0
0
1
3
3
3
0
0
0
0
0
0
36
36
10
12
12
3
3
0
0
0
0
0
0
3
2
2
0
0
0
0
0
0
53
72
72
0
0
0
0
5
5
0
0
0
0
0
0
0
0
0
0
0
0
0
0
0
6
46
46
67
67
44
90
90
2
0
0
0
0
0
0
6
6
0
0
0
0
0
0
0
0
0
0
0
0
0
0
0
0
0
0
0
0
0
0
0
0
0
0
0
0
0
0
6
6
0
0
0
33
100
100
7
7
3
0
0
0
0
0
0
4
4
3
0
0
0
0
0
0
0
34
10
10
9
5
5
0
0
0
0
0
0
3
2
2
0
0
0
0
0
0
45
45
77
0
0
0
0
0
2
3
3
0
0
0
0
0
0
0
0
0
0
0
0
0
0
6
67
67
45
75
75
59
0
0
0
0
0
0
0
0
6
6
0
0
0
0
0
0
0
0
0
0
0
0
0
0
0
0
0
0
0
0
0
0
0
0
0
0
0
0
0
0
6
6
0
0
0
43
43
100
1
1
3
0
0
0
0
0
0
4
4
3
3
0
0
0
0
0
0
22
8
8
6
8
8
9
1
1
0
0
0
0
0
3
1
1
2
0
0
0
0
0
0
56
56
67
67
0
0
0
0
5
5
0
0
0
0
0
0
0
0
0
0
0
0
0
0
0
6
6
34
80
80
39
95
95
2
0
0
0
0
0
0
6
6
0
0
0
0
0
0
0
0
0
0
0
0
0
0
0
0
0
0
0
0
0
0
0
0
0
0
0
0
0
0
0
0
6
6
0
0
0
56
56
87
1
1
3
0
0
0
0
0
0
4
4
3
0
0
0
0
0
0
0
27
6
6
9
12
12
3
0
0
0
0
0
0
0
3
3
3
0
0
0
0
0
0
3
99
99
22
0
0
0
0
0
5
5
0
0
0
0
0
0
0
0
0
0
0
0
0
0
6
77
77
36
85
85
53
0
0
0
0
0
0
0
0
6
6
0
0
0
0
0
0
0
0
0
0
0
0
0
0
0
0
0
0
0
0
0
0
0
0
0
0
0
0
0
0
0
6
0
0
0
33
33
100
8
8
3
0
0
0
0
0
0
0
4
3
3
0
0
0
0
0
0
35
6
6
9
9
10
0
0
0
0
0
0
3
3
3
0
0
0
0
0
0
0
3
100
100
20
0
0
0
0
0
5
0
0
0
0
0
0
0
0
0
0
0
0
0
0
0
0
6
78
78
35
35
81
56
56
0
0
0
0
0
0
0
6
6
0
0
0
0
0
0
0
0
0
0
0
0
0
0
0
0
0
0
0
0
0
0
0
0
0
0
0
0
0
0
0
6
0
0
0
7
7
100
36
36
3
3
0
0
0
0
0
0
3
3
3
0
0
0
0
0
0
21
21
9
6
6
9
7
7
2
0
0
0
0
0
0
3
3
2
0
0
0
0
0
0
0
13
100
100
12
0
0
0
0
0
5
0
0
0
0
0
0
0
0
0
0
0
0
0
0
0
6
6
45
69
69
35
98
98
2
0
0
0
0
0
3
3
3
0
0
0
0
0
0
0
0
0
0
0
0
0
0
0
0
0
0
0
0
0
0
0
0
0
0
0
0
0
0
6
6
0
0
0
47
94
94
1
1
3
0
0
0
0
0
0
4
3
3
0
0
0
0
0
0
43
9
6
6
9
9
7
2
2
0
0
0
0
0
0
3
2
2
0
0
0
0
0
0
50
50
74
0
0
0
0
0
5
0
0
0
0
0
0
0
0
0
0
0
0
0
0
0
0
0
6
6
59
53
53
67
71
71
0
0
0
0
0
0
0
6
6
0
0
0
0
0
0
0
0
0
0
0
0
0
0
0
0
0
0
0
0
0
0
0
0
0
0
0
0
0
0
6
6
0
0
0
32
32
100
9
9
3
0
0
0
0
0
0
4
4
3
0
0
0
0
0
0
26
26
8
8
8
6
9
9
1
0
0
0
0
0
3
3
1
1
1
0
0
0
0
0
0
58
65
65
0
0
0
0
3
3
2
0
0
0
0
0
0
0
0
0
0
0
0
0
0
3
3
12
100
100
17
100
100
25
0
0
0
0
0
6
0
0
0
0
0
0
0
0
0
0
0
0
0
0
0
0
0
0
0
0
0
0
0
0
0
0
0
0
0
0
0
0
6
6
0
0
0
40
100
100
2
3
3
0
0
0
0
0
0
4
3
3
0
0
0
0
0
0
20
20
8
10
10
5
9
9
0
0
0
0
0
0
3
1
1
2
2
0
0
0
0
0
0
53
71
71
0
0
0
0
3
3
2
0
0
0
0
0
0
0
0
0
0
0
0
0
0
0
0
6
77
77
36
82
82
54
0
0
0
0
0
0
0
0
6
6
0
0
0
0
0
0
0
0
0
0
0
0
0
0
0
0
0
0
0
0
0
0
0
0
0
0
0
0
0
0
6
6
0
0
0
7
100
35
35
3
0
0
0
0
0
0
3
3
0
3
3
0
0
0
0
0
0
50
50
8
5
5
10
7
7
2
0
0
0
0
0
1
2
2
2
2
0
0
0
0
0
0
23
100
100
0
0
0
0
0
0
4
0
0
0
0
0
0
0
0
0
0
0
0
0
0
0
0
6
48
48
65
52
52
83
83
1
0
0
0
0
0
0
6
6
0
0
0
0
0
0
0
0
0
0
0
0
0
0
0
0
0
0
0
0
0
0
0
0
0
0
0
0
0
0
6
6
0
0
0
3
3
40
98
98
1
3
0
0
0
0
0
3
3
3
0
0
0
0
0
0
18
18
8
7
7
5
12
12
2
0
0
0
0
0
0
3
3
3
0
0
0
0
0
0
0
3
89
89
32
0
0
0
0
0
5
0
0
0
0
0
0
0
0
0
0
0
0
0
0
0
0
0
2
2
4
65
65
49
58
58
77
1
1
0
0
0
0
0
0
6
6
0
0
0
0
0
0
0
0
0
0
0
0
0
0
0
0
0
0
0
0
0
0
0
0
0
0
0
0
0
0
0
6
6
0
0
0
4
86
86
54
4
4
0
0
0
0
0
0
3
1
1
2
2
0
0
0
0
1
1
50
7
7
5
10
10
8
2
2
0
0
0
0
0
0
3
3
2
0
0
0
0
0
0
32
32
91
0
0
0
0
0
1
3
3
0
0
0
0
0
0
0
0
0
0
0
0
0
0
0
4
4
3
100
100
14
91
91
44
0
0
0
0
0
0
0
0
6
0
0
0
0
0
0
0
0
0
0
0
0
0
0
0
0
0
0
0
0
0
0
0
0
0
0
0
0
0
0
0
5
2
2
0
0
0
15
100
100
27
3
3
0
0
0
0
0
0
0
0
0
0
0
0
0
0
0
0
0
0
0
0
0
0
0
0
0
0
0
0
0
0
0
0
0
0
0
0
0
0
0
0
0
0
0
0
0
0
0
0
0
0
0
0
0
0
2
