0
0
0
0
54
0
0
0
3
3
0
0
0
0
0
0
0
0
0
0
0
13
80
80
44
66
66
0
0
0
0
0
0
5
0
0
0
0
0
0
0
0
0
0
0
0
0
0
0
0
0
0
0
0
4
4
0
0
0
79
79
33
2
2
0
0
0
2
2
2
0
0
0
13
16
16
15
2
2
0
0
0
2
2
2
0
0
0
2
2
88
10
10
0
0
3
3
0
0
0
0
0
0
0
0
0
4
4
33
55
55
70
40
40
0
0
0
0
1
1
4
4
0
0
0
0
0
0
0
0
0
0
0
0
0
0
0
0
0
0
0
4
4
0
0
0
62
62
50
2
2
0
0
0
2
2
2
0
0
0
0
38
38
8
13
13
3
3
0
0
0
2
2
2
0
0
2
2
66
66
33
0
0
0
3
3
0
0
0
0
0
0
0
0
0
0
4
4
64
64
26
100
100
8
0
0
0
0
0
5
0
0
0
0
0
0
0
0
0
0
0
0
0
0
0
0
0
0
0
0
0
0
4
0
0
33
78
78
2
0
0
0
0
2
3
3
0
0
0
0
9
9
8
8
8
0
0
0
0
3
3
1
0
0
0
0
24
77
0
0
0
3
3
0
0
0
0
0
0
0
0
0
0
0
4
77
77
25
95
95
2
0
0
0
0
0
5
0
0
0
0
0
0
0
0
0
0
0
0
0
0
0
0
0
0
0
0
4
4
0
0
0
41
70
70
2
2
0
0
0
2
2
2
0
0
0
0
30
30
11
8
8
0
0
0
2
2
2
0
0
0
0
56
56
44
0
0
0
0
3
0
0
0
0
0
0
0
0
0
0
0
23
70
70
43
66
66
0
0
0
0
0
0
5
0
0
0
0
0
0
0
0
0
0
0
0
0
0
0
0
0
0
0
0
4
4
0
0
0
84
28
28
2
0
0
0
2
2
2
0
0
0
0
9
21
21
15
2
2
0
0
0
2
2
2
0
0
0
2
2
90
8
8
0
0
0
3
3
0
0
0
0
0
0
0
0
0
4
53
53
35
93
93
16
0
0
0
0
0
5
0
0
0
0
0
0
0
0
0
0
0
0
0
0
0
0
0
0
0
0
4
4
0
0
0
68
44
44
2
0
0
0
2
2
0
0
0
2
25
25
14
2
2
0
0
0
2
2
2
0
0
0
2
81
81
18
0
0
0
3
3
0
0
0
0
0
0
0
0
0
4
32
32
57
57
67
42
42
0
0
0
0
0
0
5
0
0
0
0
0
0
0
0
0
0
0
0
0
0
0
0
0
0
0
0
0
4
4
0
7
7
100
100
7
0
0
0
0
0
2
2
2
0
0
0
3
22
22
9
11
11
2
0
0
0
0
2
2
2
0
0
0
0
40
40
61
0
0
0
1
1
2
0
0
0
0
0
0
0
0
0
0
4
25
25
65
54
54
54
0
0
0
0
0
0
5
5
0
0
0
0
0
0
0
0
0
0
0
0
0
0
0
0
0
0
0
0
4
0
0
0
82
82
30
2
2
0
0
0
2
2
2
0
0
0
2
25
25
9
10
10
2
0
0
0
2
2
2
0
0
0
0
0
57
44
44
0
0
0
3
0
0
0
0
0
0
0
0
0
0
0
4
4
87
28
28
83
0
0
0
0
0
0
5
5
0
0
0
0
0
0
0
0
0
0
0
0
0
0
0
0
0
0
0
0
4
0
0
0
80
32
32
2
0
0
0
2
2
2
0
0
0
1
1
22
8
8
12
2
2
0
0
0
2
2
2
0
0
0
0
0
50
50
50
0
0
0
3
1
1
0
0
0
0
0
0
0
0
0
4
4
49
41
41
86
24
24
0
0
0
0
5
5
0
0
0
0
0
0
0
0
0
0
0
0
0
0
0
0
0
0
0
0
0
4
4
0
16
16
96
2
2
0
0
0
0
3
3
2
2
0
0
0
35
7
7
8
11
11
1
0
0
0
2
2
2
2
0
0
0
2
87
87
13
0
0
0
3
3
0
0
0
0
0
0
0
0
0
0
4
4
85
24
24
89
1
1
0
0
0
0
5
5
0
0
0
0
0
0
0
0
0
0
0
0
0
0
0
0
0
0
0
0
3
1
1
0
38
38
73
2
2
0
0
0
0
5
5
0
0
0
0
22
22
9
9
9
8
8
0
0
0
0
2
2
2
0
0
0
2
2
97
2
2
0
0
0
3
0
0
0
0
0
0
0
0
0
0
0
4
75
75
17
98
98
11
0
0
0
0
0
0
0
0
0
0
0
0
0
0
0
0
0
0
0
0
0
0
0
0
0
0
4
0
0
0
44
44
67
2
2
0
0
0
0
4
4
0
0
0
0
0
16
9
9
8
8
8
0
0
0
0
2
2
2
0
0
0
2
2
97
2
2
0
0
0
3
0
0
0
0
0
0
0
0
0
0
0
5
5
89
30
30
79
0
0
0
0
0
0
5
5
0
0
0
0
0
0
0
0
0
0
0
0
0
0
0
0
0
0
0
0
0
4
4
0
20
20
91
2
2
0
0
0
0
3
3
2
0
0
0
27
27
19
9
9
11
2
2
0
0
0
2
2
2
0
0
0
0
0
43
57
57
0
0
0
2
1
1
0
0
0
0
0
0
0
0
0
4
57
57
34
90
90
18
0
0
0
0
0
5
5
0
0
0
0
0
0
0
0
0
0
0
0
0
0
0
0
0
0
0
0
0
4
0
0
5
97
97
11
0
0
0
0
0
3
2
2
0
0
0
15
7
7
8
8
11
1
1
0
0
0
2
2
2
0
0
0
2
76
76
22
0
0
0
3
3
0
0
0
0
0
0
0
0
0
4
4
87
28
28
87
1
0
0
0
0
0
5
0
0
0
0
0
0
0
0
0
0
0
0
0
0
0
0
0
0
0
0
0
4
4
0
17
17
95
2
2
0
0
0
0
0
3
2
2
0
0
0
40
7
7
13
7
7
1
0
0
0
2
2
2
0
0
0
2
2
79
20
20
0
0
0
3
0
0
0
0
0
0
0
0
0
0
0
5
92
92
32
77
77
0
0
0
0
0
0
5
0
0
0
0
0
0
0
0
0
0
0
0
0
0
0
0
0
0
0
0
4
4
0
0
0
47
65
65
2
0
0
0
2
2
2
0
0
0
0
0
24
8
8
8
8
8
0
0
0
0
0
2
2
2
0
0
0
15
85
85
0
0
0
0
3
3
0
0
0
0
0
0
0
0
0
4
4
37
54
54
69
40
40
0
0
0
0
2
2
2
0
0
0
0
0
0
0
0
0
0
0
0
0
0
0
0
0
0
0
0
2
2
3
0
3
3
61
49
49
2
0
0
0
2
2
0
0
0
0
22
22
7
14
14
3
0
0
0
2
2
2
0
0
0
0
0
33
67
67
0
0
0
1
2
2
0
0
0
0
0
0
0
0
0
4
50
50
41
83
83
26
0
0
0
0
0
5
0
0
0
0
0
0
0
0
0
0
0
0
0
0
0
0
0
0
0
0
0
4
0
0
0
4
4
92
17
17
1
0
0
0
2
2
2
0
0
0
3
3
23
9
9
10
2
2
0
0
0
2
2
2
0
0
0
0
66
66
33
0
0
0
3
3
0
0
0
0
0
0
0
0
0
0
0
4
71
71
25
100
100
6
0
0
0
0
0
5
0
0
0
0
0
0
0
0
0
0
0
0
0
0
0
0
0
0
0
0
0
4
0
0
0
86
86
26
2
2
0
0
0
2
2
2
0
0
0
0
21
21
6
14
14
2
0
0
0
2
2
2
0
0
0
0
25
25
76
76
0
0
0
1
2
2
0
0
0
0
0
0
0
0
0
4
27
27
66
57
57
53
0
0
0
0
0
3
0
0
0
0
0
0
0
0
0
0
0
0
0
0
0
0
0
0
0
0
4
0
0
0
0
62
51
51
2
0
0
0
2
2
2
0
0
0
0
0
25
7
7
14
14
2
0
0
0
0
0
3
1
1
0
0
0
26
73
73
0
0
0
1
2
2
0
0
0
0
0
0
0
0
0
0
0
5
92
92
24
86
86
1
0
0
0
0
0
4
0
0
0
0
0
0
0
0
0
0
0
0
0
0
0
0
0
0
0
0
0
4
4
0
0
0
43
43
67
2
2
0
0
0
0
3
3
2
0
0
0
17
17
6
8
8
11
1
1
0
0
0
2
2
2
0
0
0
2
79
79
19
0
0
0
3
3
0
0
0
0
0
0
0
0
0
0
4
4
46
48
48
78
30
30
0
0
0
0
0
3
2
2
0
0
0
0
0
0
0
0
0
0
0
0
0
0
0
0
0
0
0
2
2
2
0
0
4
83
83
25
2
2
0
0
0
2
2
2
0
0
0
2
2
23
9
9
11
2
2
0
0
0
2
2
2
0
0
0
0
54
54
0
0
0
3
1
1
0
0
0
0
0
0
0
0
0
0
21
21
78
31
78
0
0
0
0
0
0
0
5
0
0
0
0
0
0
0
0
0
0
0
0
0
0
0
0
0
0
0
0
0
4
4
0
0
0
49
62
62
2
2
0
0
2
2
3
3
0
0
0
0
24
24
0
0
0
0
0
0
0
0
0
0
0
0
0
0
0
0
0
0
0
0
0
0
0
0
0
0
0
0
0
0
0
0
0
0
0
0
0
0
0
0
0
0
0
0
0
0
0
0
0
0
0
0
